1
 1  6 15 10 21 
14  9 20  5 16 
19  2  7 22 11 
 8 13 24 17  4 
25 18  3 12 23 
2
 1  6 11 18 21 
12 17 20  5 10 
 7  2 15 22 19 
16 13 24  9  4 
25  8  3 14 23 
3
 1  6 11 16 21 
12 15 20  5 10 
 7  2 13 22 17 
14 19 24  9  4 
25  8  3 18 23 
4
 1  6 17 12 21 
16 11 20  5 18 
 7  2  9 22 13 
10 15 24 19  4 
25  8  3 14 23 
5
 1 12 17  6 21 
18  5 20 11 16 
13  2  9 22  7 
 4 19 24 15 10 
25 14  3  8 23 
6
 1 16 11  6 21 
10  5 20 15 12 
17  2 13 22  7 
 4  9 24 19 14 
25 18  3  8 23 
7
 1 18 11  6 21 
10  5 20 17 12 
19  2 15 22  7 
 4  9 24 13 16 
25 14  3  8 23 
8
 1 10 15  6 21 
16  5 20  9 14 
11  2  7 22 19 
 4 17 24 13  8 
25 12  3 18 23 
9
 1 16  5 10 21 
 6 11 20 15  4 
19  2 17 22  9 
12  7 24  3 14 
25 18 13  8 23 
10
 1 12  5 18 21 
 6 17 20 13  4 
11  2  9 22 19 
16  7 24  3 14 
25 10 15  8 23 
11
 1 10  5 16 21 
 6 15 20 11  4 
 9  2  7 22 17 
14 19 24  3 12 
25  8 13 18 23 
12
 1 18  7 12 21 
 8 13 20 17  6 
19  2  5 22 11 
14  9 24  3 16 
25  4 15 10 23 
13
 1  6 17 12 21 
18 11 20  7 16 
 5  2 15 22 13 
10 19 24  3  8 
25  4  9 14 23 
14
 1  6 15 12 21 
16 11 20  7 14 
 5  2 13 22 19 
10 17 24  3  8 
25  4  9 18 23 
15
 1 12 17  8 21 
18  7 20  3 16 
13  2 11 22  9 
 6 19 24 15  4 
25 14  5 10 23 
16
 1 16 13  8 21 
12  7 20  3 14 
17  2 15 22  9 
 6 11 24 19  4 
25 18  5 10 23 
17
 1 18 13  8 21 
12  7 20  3 14 
19  2 17 22  9 
 6 11 24 15  4 
25 16  5 10 23 
18
 1 10 15  8 21 
16  7 20  3 14 
11  2  9 22 19 
 6 17 24 13  4 
25 12  5 18 23 
19
 1  4 15 10 21 
14  9 20  3 16 
19  2  5 22 11 
 8 13 24 17  6 
25 18  7 12 23 
20
 1  4  9 18 21 
10 17 20  3  8 
 5  2 13 22 19 
16 11 24  7 14 
25  6 15 12 23 
21
 1  4  9 16 21 
10 15 20  3  8 
 5  2 11 22 17 
14 19 24  7 12 
25  6 13 18 23 
22
 1  4 17 12 21 
16 11 20  3 18 
 5  2  7 22 13 
10 15 24 19  8 
25  6  9 14 23 
23
 1 16  3 10 21 
 6 11 20 15  4 
17  2  5 22  9 
12  7 24 19 14 
25 18 13  8 23 
24
 1 18  3 12 21 
 8 13 20 17  4 
19  2  7 22 11 
14  9 24  5 16 
25  6 15 10 23 
25
 1  8  3 14 21 
18 13 20  9  4 
 7  2 17 22 15 
12 19 24  5 10 
25  6 11 16 23 
26
 1  8  3 14 21 
16 13 20  9  4 
 7  2 15 22 19 
12 17 24  5 10 
25  6 11 18 23 
27
 1 14  3  8 21 
 4  9 20 13 16 
19  2 15 22  7 
10  5 24 17 12 
25 18 11  6 23 
28
 1 14  3  8 21 
 4  9 20 13 18 
15  2 17 22  7 
10  5 24 19 12 
25 16 11  6 23 
29
 1 12  3 18 21 
 4 17 20 13  8 
11  2  7 22 19 
16  5 24  9 14 
25 10 15  6 23 
30
 1 10  3 16 21 
 4 15 20 11  6 
 9  2  5 22 17 
14 19 24  7 12 
25  8 13 18 23 
31
 1 22 11 16  7 
12 17  8 21 10 
25  2 23  6 15 
18 13  4  9 20 
 3 24 19 14  5 
32
 1 22 11 16  7 
12 17  8 21 10 
23  2 25  6 15 
18 13  4  9 20 
 3 24 19 14  5 
33
 1 24 11 16  7 
12 17  8 25 10 
23  2 21  6 15 
18 13  4  9 20 
 3 22 19 14  5 
34
 1 22 11 16  7 
12 17  8 23 10 
21  2 19  6 15 
18 13  4  9 24 
 3 20 25 14  5 
35
 1 20 11 16  7 
12 25  8 21 10 
19  2 17  6 15 
24 13  4  9 22 
 3 18 23 14  5 
36
 1 18 11 24  7 
12 23  8 19 10 
17  2 15  6 25 
22 13  4  9 20 
 3 16 21 14  5 
37
 1 16 11 22  7 
12 21  8 17 10 
15  2 13  6 23 
20 25  4  9 18 
 3 14 19 24  5 
38
 1 14 25 20  7 
24 19  8 15 10 
13  2 11  6 21 
18 23  4  9 16 
 3 12 17 22  5 
39
 1 24 13 18  7 
14 19  8 23 12 
25  2 11  6 17 
20 15  4  9 22 
 3 10 21 16  5 
40
 1 12 15 20  7 
16 21  8 25 14 
11  2 13  6 19 
22 17  4  9 24 
 3 10 23 18  5 
41
 1 12 17 22  7 
18 23  8 13 16 
11  2 15  6 21 
24 19  4  9 14 
 3 10 25 20  5 
42
 1 12 19 24  7 
20 25  8 13 18 
11  2 17  6 23 
16 21  4  9 14 
 3 10 15 22  5 
43
 1 12 23 18  7 
24 17  8 13 22 
11  2 21  6 19 
16 25  4  9 14 
 3 10 15 20  5 
44
 1 12 25 18  7 
22 17  8 13 24 
11  2 23  6 19 
16 21  4  9 14 
 3 10 15 20  5 
45
 1 12 23 18  7 
22 17  8 13 24 
11  2 25  6 19 
16 21  4  9 14 
 3 10 15 20  5 
46
 1 12 21 18  7 
22 17  8 13 20 
11  2 19  6 25 
16 23  4  9 14 
 3 10 15 24  5 
47
 1 16 21 10  7 
20 11  8 15 22 
25  2 17  6  9 
12 19  4 23 14 
 3 24 13 18  5 
48
 1 16 21 10  7 
22 11  8 15 20 
17  2 25  6  9 
12 23  4 19 14 
 3 18 13 24  5 
49
 1 16 21 10  7 
22 11  8 15 20 
17  2 23  6  9 
12 25  4 19 14 
 3 18 13 24  5 
50
 1 16 25 10  7 
24 11  8 15 20 
17  2 21  6  9 
12 23  4 19 14 
 3 18 13 22  5 
51
 1 16 23 10  7 
22 11  8 15 24 
17  2 19  6  9 
12 21  4 25 14 
 3 18 13 20  5 
52
 1 24 19 10  7 
18 11  8 25 20 
23  2 15  6  9 
12 17  4 21 14 
 3 22 13 16  5 
53
 1 22 17 10  7 
16 11  8 23 18 
21  2 13  6  9 
12 15  4 19 24 
 3 20 25 14  5 
54
 1 20 15 10  7 
14 25  8 21 16 
19  2 11  6  9 
24 13  4 17 22 
 3 18 23 12  5 
55
 1 18 23 12  7 
24 13  8 17 22 
19  2 11  6  9 
14 25  4 21 16 
 3 20 15 10  5 
56
 1 20 25 14  7 
12 15  8 19 24 
21  2 13  6  9 
16 11  4 23 18 
 3 22 17 10  5 
57
 1 22 13 16  7 
12 17  8 21 14 
23  2 15  6  9 
18 11  4 25 20 
 3 24 19 10  5 
58
 1 24 13 18  7 
12 19  8 23 14 
25  2 17  6  9 
20 11  4 15 22 
 3 16 21 10  5 
59
 1 18 13 20  7 
12 21  8 25 14 
17  2 19  6  9 
22 11  4 15 24 
 3 16 23 10  5 
60
 1 18 13 22  7 
12 23  8 19 14 
17  2 21  6  9 
24 11  4 15 20 
 3 16 25 10  5 
61
 1 18 13 24  7 
12 25  8 19 14 
17  2 23  6  9 
22 11  4 15 20 
 3 16 21 10  5 
62
 1 18 13 24  7 
12 23  8 19 14 
17  2 25  6  9 
22 11  4 15 20 
 3 16 21 10  5 
63
 1 24 13 18  7 
14 19  8 23 12 
 9  2 25  6 17 
20 15  4 11 22 
 3 10 21 16  5 
64
 1 24 13 18  7 
14 19  8 25 12 
 9  2 23  6 17 
20 15  4 11 22 
 3 10 21 16  5 
65
 1 22 13 18  7 
14 19  8 23 12 
 9  2 21  6 17 
20 15  4 11 24 
 3 10 25 16  5 
66
 1 20 13 18  7 
14 25  8 21 12 
 9  2 19  6 17 
24 15  4 11 22 
 3 10 23 16  5 
67
 1 18 13 24  7 
14 23  8 19 12 
 9  2 17  6 25 
22 15  4 11 20 
 3 10 21 16  5 
68
 1 16 13 22  7 
14 21  8 17 12 
 9  2 15  6 23 
20 25  4 11 18 
 3 10 19 24  5 
69
 1 14 25 20  7 
24 19  8 15 12 
 9  2 13  6 21 
18 23  4 11 16 
 3 10 17 22  5 
70
 1 12 23 18  7 
22 17  8 13 24 
 9  2 11  6 19 
16 21  4 25 14 
 3 10 15 20  5 
71
 1 10 15 20  7 
16 21  8 25 14 
 9  2 11  6 19 
22 17  4 13 24 
 3 12 23 18  5 
72
 1 10 17 22  7 
18 23  8 11 16 
 9  2 13  6 21 
24 19  4 15 12 
 3 14 25 20  5 
73
 1 10 19 24  7 
20 25  8 11 18 
 9  2 15  6 23 
14 21  4 17 12 
 3 16 13 22  5 
74
 1 10 23 16  7 
24 15  8 11 22 
 9  2 19  6 17 
14 25  4 21 12 
 3 20 13 18  5 
75
 1 10 25 16  7 
20 15  8 11 24 
 9  2 21  6 17 
14 19  4 23 12 
 3 22 13 18  5 
76
 1 10 21 16  7 
20 15  8 11 22 
 9  2 23  6 17 
14 19  4 25 12 
 3 24 13 18  5 
77
 1 10 21 16  7 
20 15  8 11 22 
 9  2 25  6 17 
14 19  4 23 12 
 3 24 13 18  5 
78
 1 10 21 16  7 
22 15  8 11 20 
 9  2 17  6 25 
14 23  4 19 12 
 3 18 13 24  5 
79
 1 18 21 12  7 
20 13  8 17 22 
25  2 19  6 11 
14  9  4 23 16 
 3 24 15 10  5 
80
 1 18 23 12  7 
24 13  8 17 22 
19  2 25  6 11 
14  9  4 21 16 
 3 20 15 10  5 
81
 1 18 25 12  7 
24 13  8 17 22 
19  2 23  6 11 
14  9  4 21 16 
 3 20 15 10  5 
82
 1 18 23 12  7 
22 13  8 17 24 
19  2 21  6 11 
14  9  4 25 16 
 3 20 15 10  5 
83
 1 24 19 12  7 
18 13  8 25 20 
23  2 17  6 11 
14  9  4 21 16 
 3 22 15 10  5 
84
 1 22 17 12  7 
16 13  8 23 18 
21  2 15  6 11 
14  9  4 19 24 
 3 20 25 10  5 
85
 1 20 15 12  7 
14 25  8 21 16 
19  2 13  6 11 
24  9  4 17 22 
 3 18 23 10  5 
86
 1 18 13 24  7 
12 23  8 19 14 
17  2 11  6 25 
22  9  4 15 20 
 3 16 21 10  5 
87
 1 20 25 14  7 
10 15  8 19 24 
21  2 11  6 13 
16  9  4 23 18 
 3 22 17 12  5 
88
 1 22 11 16  7 
10 17  8 21 12 
23  2 13  6 15 
18  9  4 25 20 
 3 24 19 14  5 
89
 1 24 11 18  7 
10 19  8 23 12 
25  2 15  6 17 
20  9  4 13 22 
 3 14 21 16  5 
90
 1 16 11 20  7 
10 21  8 25 12 
15  2 17  6 19 
22  9  4 13 24 
 3 14 23 18  5 
91
 1 16 11 22  7 
10 23  8 17 12 
15  2 19  6 21 
24  9  4 13 18 
 3 14 25 20  5 
92
 1 16 11 24  7 
10 25  8 17 12 
15  2 21  6 23 
20  9  4 13 18 
 3 14 19 22  5 
93
 1 16 11 22  7 
10 21  8 17 12 
15  2 25  6 23 
20  9  4 13 18 
 3 14 19 24  5 
94
 1 16 11 22  7 
10 21  8 17 12 
15  2 23  6 25 
20  9  4 13 18 
 3 14 19 24  5 
95
 1 20  7 14 25 
10 15 24 19  8 
21  2  9  6 13 
16 11  4 23 18 
 3 22 17 12  5 
96
 1 22  7 16 25 
12 17 24 21  8 
23  2 11  6 15 
18 13  4  9 20 
 3 10 19 14  5 
97
 1 12  7 18 25 
22 17 24 13  8 
11  2 21  6 19 
16 23  4  9 14 
 3 10 15 20  5 
98
 1 12  7 18 25 
20 17 24 13  8 
11  2 19  6 23 
16 21  4  9 14 
 3 10 15 22  5 
99
 1 18  7 12 25 
 8 13 24 17 20 
23  2 19  6 11 
14  9  4 21 16 
 3 22 15 10  5 
100
 1 18  7 12 25 
 8 13 24 17 22 
19  2 21  6 11 
14  9  4 23 16 
 3 20 15 10  5 
101
 1 16  7 22 25 
 8 21 24 17 12 
15  2 11  6 23 
20  9  4 13 18 
 3 14 19 10  5 
102
 1 14  7 20 25 
 8 19 24 15 10 
13  2  9  6 21 
18 23  4 11 16 
 3 12 17 22  5 
103
 1 16 21  8 25 
22  7 24 15 20 
17  2 11  6  9 
12 23  4 19 14 
 3 18 13 10  5 
104
 1 20 13  8 25 
12  7 24 19 14 
21  2 15  6  9 
16 11  4 23 18 
 3 22 17 10  5 
105
 1 22 13  8 25 
12  7 24 21 14 
23  2 17  6  9 
18 11  4 15 20 
 3 16 19 10  5 
106
 1 14 19  8 25 
20  7 24 13 18 
15  2  9  6 23 
10 21  4 17 12 
 3 16 11 22  5 
107
 1 12 19 14 25 
18  7 24 11 20 
23  2 13  6 15 
 8 17  4 21 10 
 3 22  9 16  5 
108
 1 12 17 22 25 
18  7 24 11 16 
13  2 21  6 23 
 8 19  4 15 10 
 3 14  9 20  5 
109
 1 12 17 20 25 
18  7 24 11 16 
13  2 19  6 21 
 8 23  4 15 10 
 3 14  9 22  5 
110
 1 12 21 16 25 
20  7 24 11 22 
13  2 15  6 17 
 8 19  4 23 10 
 3 14  9 18  5 
111
 1 16 19 10 25 
18 11 24 15 20 
23  2 17  6  9 
12  7  4 21 14 
 3 22 13  8  5 
112
 1 16 21 10 25 
20 11 24 15 22 
17  2 19  6  9 
12  7  4 23 14 
 3 18 13  8  5 
113
 1 16 11 22 25 
10 21 24 17 12 
15  2  9  6 23 
20  7  4 13 18 
 3 14 19  8  5 
114
 1 20  9 14 25 
 8 15 24 19 10 
21  2 11  6 13 
16  7  4 23 18 
 3 22 17 12  5 
115
 1 22  9 16 25 
 8 17 24 21 10 
23  2 13  6 15 
18  7  4 11 20 
 3 12 19 14  5 
116
 1 14  9 20 25 
 8 19 24 15 10 
13  2 21  6 23 
18  7  4 11 16 
 3 12 17 22  5 
117
 1 10 19 14 25 
18 13 24  9 20 
23  2 11  6 15 
12 17  4 21  8 
 3 22  7 16  5 
118
 1 10 15 22 25 
16 21 24  9 14 
11  2 19  6 23 
20 17  4 13  8 
 3 12  7 18  5 
119
 1 10 15 20 25 
16 19 24  9 14 
11  2 17  6 21 
18 23  4 13  8 
 3 12  7 22  5 
120
 1 10 21 16 25 
20 15 24  9 22 
11  2 13  6 17 
14 19  4 23  8 
 3 12  7 18  5 
121
 1 16 21 10 25 
22  9 24 15 20 
17  2 13  6 11 
 8 23  4 19 14 
 3 18  7 12  5 
122
 1 20 15 10 25 
14  9 24 19 16 
21  2 17  6 11 
 8 13  4 23 18 
 3 22  7 12  5 
123
 1 22 15 10 25 
14  9 24 21 16 
23  2 19  6 11 
 8 13  4 17 20 
 3 18  7 12  5 
124
 1 14 19 10 25 
20  9 24 13 18 
15  2 11  6 23 
 8 21  4 17 12 
 3 16  7 22  5 
125
 1 12 17  6 23 
16  7 22 11 18 
21  2 13 24  5 
 8 15  4 19 10 
 3 20  9 14 25 
126
 1 12 17  6 23 
18  7 22 11 16 
13  2 19 24  5 
 8 21  4 15 10 
 3 14  9 20 25 
127
 1 12 19  6 23 
18  7 22 11 20 
13  2 15 24  5 
 8 17  4 21 10 
 3 14  9 16 25 
128
 1 14 19  8 23 
20  9 22 13 18 
15  2  7 24  5 
10 21  4 17 12 
 3 16 11  6 25 
129
 1 18  9 12 23 
 8 13 22 17 10 
19  2 11 24  5 
14  7  4 21 16 
 3 20 15  6 25 
130
 1 20  9 14 23 
 8 15 22 19 10 
21  2 13 24  5 
16  7  4 11 18 
 3 12 17  6 25 
131
 1 14 19 10 23 
20  9 22  5 18 
15  2 13 24 11 
 8 21  4 17  6 
 3 16  7 12 25 
132
 1 18 15 10 23 
14  9 22  5 16 
19  2 17 24 11 
 8 13  4 21  6 
 3 20  7 12 25 
133
 1 20 15 10 23 
14  9 22  5 16 
21  2 19 24 11 
 8 13  4 17  6 
 3 18  7 12 25 
134
 1 12 17 10 23 
18  9 22  5 16 
13  2 11 24 21 
 8 19  4 15  6 
 3 14  7 20 25 
135
 1  6 17 12 23 
16 11 22  5 18 
21  2  7 24 13 
10 15  4 19  8 
 3 20  9 14 25 
136
 1  6 11 20 23 
12 19 22  5 10 
 7  2 15 24 21 
18 13  4  9 16 
 3  8 17 14 25 
137
 1  6 11 18 23 
12 17 22  5 10 
 7  2 13 24 19 
16 21  4  9 14 
 3  8 15 20 25 
138
 1  6 19 14 23 
18 13 22  5 20 
 7  2  9 24 15 
12 17  4 21 10 
 3  8 11 16 25 
139
 1 14 19  6 23 
20  5 22 13 18 
15  2  9 24  7 
10 21  4 17 12 
 3 16 11  8 25 
140
 1 18 11  6 23 
10  5 22 17 12 
19  2 13 24  7 
14  9  4 21 16 
 3 20 15  8 25 
141
 1 20 11  6 23 
10  5 22 19 12 
21  2 15 24  7 
16  9  4 13 18 
 3 14 17  8 25 
142
 1 12 17  6 23 
18  5 22 11 16 
13  2  7 24 21 
 8 19  4 15 10 
 3 14  9 20 25 
143
 1 10 17 12 23 
16  5 22  9 18 
21  2 11 24 13 
 6 15  4 19  8 
 3 20  7 14 25 
144
 1 10 15 20 23 
16  5 22  9 14 
11  2 19 24 21 
 6 17  4 13  8 
 3 12  7 18 25 
145
 1 10 15 18 23 
16  5 22  9 14 
11  2 17 24 19 
 6 21  4 13  8 
 3 12  7 20 25 
146
 1 10 19 14 23 
18  5 22  9 20 
11  2 13 24 15 
 6 17  4 21  8 
 3 12  7 16 25 
147
 1 14  9 20 23 
10 19 22 15  8 
 5  2 13 24 21 
18 11  4  7 16 
 3  6 17 12 25 
148
 1 12  9 18 23 
10 17 22 13  8 
 5  2 11 24 19 
16 21  4  7 14 
 3  6 15 20 25 
149
 1  8 19 14 23 
18 13 22  9 20 
 5  2  7 24 15 
12 17  4 21 10 
 3  6 11 16 25 
150
 1  6 19 12 23 
20 11 22  7 18 
 5  2 15 24 13 
10 21  4 17  8 
 3 16  9 14 25 
151
 1  6 17 12 23 
16 11 22  7 18 
 5  2 19 24 13 
10 15  4 21  8 
 3 20  9 14 25 
152
 1  6 17 12 23 
18 11 22  7 16 
 5  2 13 24 21 
10 19  4 15  8 
 3 14  9 20 25 
153
 1 18  5 10 25 
 6 11  2 19  4 
17 20 15 24  9 
12  7 22  3 14 
21 16 13  8 23 
154
 1 16  5 10 25 
 6 11  2 17  4 
15 20 13 24  9 
12  7 22  3 18 
21 14 19  8 23 
155
 1  8 19 14 25 
18 13  2  9  4 
 7 20  5 24 15 
12 17 22  3 10 
21  6 11 16 23 
156
 1  6  9 14 25 
10 15  2 19  8 
 5 20  7 24 13 
16 11 22  3 18 
21  4 17 12 23 
157
 1  6 11 16 25 
12 17  2  7 10 
 5 20  9 24 15 
18 13 22  3  8 
21  4 19 14 23 
158
 1  6 19 12 25 
16 11  2  7 18 
 5 20 17 24 13 
10 15 22  3  8 
21  4  9 14 23 
159
 1 10 19  4 25 
18  5  2  9 14 
11 20 15 24  3 
 6 17 22 13  8 
21 12  7 16 23 
160
 1 10 17  4 25 
16  5  2  9 18 
11 20 13 24  3 
 6 15 22 19  8 
21 12  7 14 23 
161
 1 18 13  4 25 
12  5  2 19 14 
17 20  9 24  3 
 6 11 22 15  8 
21 16  7 10 23 
162
 1 16 11  4 25 
10  5  2 17 12 
15 20  7 24  3 
 6  9 22 13 18 
21 14 19  8 23 
163
 1 14 19  8 25 
 6  9  2 13 18 
15 20  7 24  3 
10  5 22 17 12 
21 16 11  4 23 
164
 1 16  7 10 25 
 6 11  2 15  8 
17 20  9 24  3 
12  5 22 19 14 
21 18 13  4 23 
165
 1 12  7 14 25 
 6 15  2 19  8 
11 20 13 24  3 
16  5 22  9 18 
21 10 17  4 23 
166
 1 12  7 16 25 
 6 17  2 13  8 
11 20 15 24  3 
18  5 22  9 14 
21 10 19  4 23 
167
 1 14 23  8  3 
22  9  2 13 18 
15 24 19  4  7 
10 21  6 17 12 
25 16 11 20  5 
168
 1 14 21  8  3 
20  9  2 13 22 
15 24 17  4  7 
10 19  6 23 12 
25 16 11 18  5 
169
 1 22 17  8  3 
16  9  2 23 18 
21 24 13  4  7 
10 15  6 19 12 
25 20 11 14  5 
170
 1 20 15  8  3 
14  9  2 21 16 
19 24 11  4  7 
10 13  6 17 22 
25 18 23 12  5 
171
 1 18 23 12  3 
10 13  2 17 22 
19 24 11  4  7 
14  9  6 21 16 
25 20 15  8  5 
172
 1 20 11 14  3 
10 15  2 19 12 
21 24 13  4  7 
16  9  6 23 18 
25 22 17  8  5 
173
 1 16 11 18  3 
10 19  2 23 12 
15 24 17  4  7 
20  9  6 13 22 
25 14 21  8  5 
174
 1 16 11 20  3 
10 21  2 17 12 
15 24 19  4  7 
22  9  6 13 18 
25 14 23  8  5 
175
 1 10 15 20  3 
16 21  2  7 14 
11 24  9  4 19 
22 17  6 13  8 
25 12 23 18  5 
176
 1 18 23 12  3 
16 11  2  7 22 
19 24 17  4 13 
10 15  6 21  8 
25 20  9 14  5 
177
 1 20 17 12  3 
16 11  2  7 18 
21 24 19  4 13 
10 15  6 23  8 
25 22  9 14  5 
178
 1  8 13 18  3 
14 19  2  7 12 
 9 24 21  4 17 
20 15  6 11 22 
25 10 23 16  5 
179
 1  8 23 18  3 
22 17  2  7 12 
 9 24 13  4 19 
16 21  6 11 14 
25 10 15 20  5 
180
 1  8 21 16  3 
20 15  2  7 22 
 9 24 11  4 17 
14 19  6 23 12 
25 10 13 18  5 
181
 1 18 23  8  3 
12  7  2 17 22 
19 24 13  4  9 
14 11  6 21 16 
25 20 15 10  5 
182
 1 20 13  8  3 
12  7  2 19 14 
21 24 15  4  9 
16 11  6 23 18 
25 22 17 10  5 
183
 1 18 13  8  3 
12  7  2 23 14 
17 24 19  4  9 
20 11  6 15 22 
25 16 21 10  5 
184
 1 18 13  8  3 
12  7  2 19 14 
17 24 21  4  9 
22 11  6 15 20 
25 16 23 10  5 
185
 1 12 23 18  3 
22  7  2 11 16 
13 24 17  4 19 
 8 21  6 15 10 
25 14  9 20  5 
186
 1 12 21 16  3 
20  7  2 11 22 
13 24 15  4 17 
 8 19  6 23 10 
25 14  9 18  5 
187
 1 22 17 12  3 
16  7  2 23 18 
21 24 11  4 13 
 8 15  6 19 10 
25 20  9 14  5 
188
 1 20 15 10  3 
14  7  2 21 16 
19 24  9  4 11 
 8 13  6 17 22 
25 18 23 12  5 
189
 1 22 11 16  3 
12 17  2 23 10 
 7 24 21  4 15 
18 13  6  9 20 
25  8 19 14  5 
190
 1 20 11 16  3 
12 17  2 21 10 
 7 24 19  4 15 
18 13  6  9 22 
25  8 23 14  5 
191
 1 12 23 18  3 
22 17  2 13 10 
 7 24 11  4 19 
16 21  6  9 14 
25  8 15 20  5 
192
 1 10 21 16  3 
20 15  2 11 22 
 7 24  9  4 17 
14 19  6 23 12 
25  8 13 18  5 
193
 1  8 13 18  3 
14 19  2 23 12 
 7 24  9  4 17 
20 15  6 11 22 
25 10 21 16  5 
194
 1  8 15 20  3 
16 21  2  9 14 
 7 24 11  4 19 
22 17  6 13 10 
25 12 23 18  5 
195
 1  8 23 14  3 
18 13  2  9 22 
 7 24 19  4 15 
12 17  6 21 10 
25 20 11 16  5 
196
 1  8 19 14  3 
18 13  2  9 20 
 7 24 21  4 15 
12 17  6 23 10 
25 22 11 16  5 
197
 1 12 21 16  3 
20 15  2 11 22 
25  8 13  4 17 
14 19  6 23 10 
 7 24  9 18  5 
198
 1 12 17 22  3 
18 23  2 11 16 
13  8 25  4 21 
24 19  6 15 10 
 7 14  9 20  5 
199
 1 12 17 22  3 
18 25  2 11 16 
13  8 23  4 21 
24 19  6 15 10 
 7 14  9 20  5 
200
 1 12 17 24  3 
18 23  2 11 16 
13  8 21  4 25 
22 19  6 15 10 
 7 14  9 20  5 
201
 1 12 17 22  3 
18 21  2 11 16 
13  8 19  4 23 
20 25  6 15 10 
 7 14  9 24  5 
202
 1 12 25 20  3 
24 19  2 11 16 
13  8 17  4 21 
18 23  6 15 10 
 7 14  9 22  5 
203
 1 12 23 18  3 
22 17  2 11 24 
13  8 15  4 19 
16 21  6 25 10 
 7 14  9 20  5 
204
 1 24 19 14  3 
18 13  2 25 20 
23  8 11  4 15 
12 17  6 21 10 
 7 22  9 16  5 
205
 1 14 19 24  3 
20 25  2 13 18 
15  8 11  4 23 
10 21  6 17 12 
 7 16  9 22  5 
206
 1 18 23 12  3 
24 11  2 17 22 
19  8 15  4 13 
10 25  6 21 16 
 7 20  9 14  5 
207
 1 20 25 12  3 
16 11  2 19 24 
21  8 17  4 13 
10 15  6 23 18 
 7 22  9 14  5 
208
 1 22 17 12  3 
16 11  2 21 18 
23  8 19  4 13 
10 15  6 25 20 
 7 24  9 14  5 
209
 1 24 17 12  3 
16 11  2 23 18 
25  8 21  4 13 
10 15  6 19 22 
 7 20  9 14  5 
210
 1 22 17 12  3 
16 11  2 25 18 
21  8 23  4 13 
10 15  6 19 24 
 7 20  9 14  5 
211
 1 22 17 12  3 
16 11  2 23 18 
21  8 25  4 13 
10 15  6 19 24 
 7 20  9 14  5 
212
 1 16 21 12  3 
22 11  2 15 20 
17  8 13  4 25 
10 23  6 19 14 
 7 18  9 24  5 
213
 1 22 11 16  3 
12 17  2 21 10 
25  8 23  4 15 
18 13  6  9 20 
 7 24 19 14  5 
214
 1 22 11 16  3 
12 17  2 21 10 
23  8 25  4 15 
18 13  6  9 20 
 7 24 19 14  5 
215
 1 24 11 16  3 
12 17  2 25 10 
23  8 21  4 15 
18 13  6  9 20 
 7 22 19 14  5 
216
 1 22 11 16  3 
12 17  2 23 10 
21  8 19  4 15 
18 13  6  9 24 
 7 20 25 14  5 
217
 1 20 11 16  3 
12 25  2 21 10 
19  8 17  4 15 
24 13  6  9 22 
 7 18 23 14  5 
218
 1 18 11 24  3 
12 23  2 19 10 
17  8 15  4 25 
22 13  6  9 20 
 7 16 21 14  5 
219
 1 16 11 22  3 
12 21  2 17 10 
15  8 13  4 23 
20 25  6  9 18 
 7 14 19 24  5 
220
 1 14 25 20  3 
24 19  2 15 10 
13  8 11  4 21 
18 23  6  9 16 
 7 12 17 22  5 
221
 1 24 13 18  3 
14 19  2 23 12 
25  8 11  4 17 
20 15  6  9 22 
 7 10 21 16  5 
222
 1 12 15 20  3 
16 21  2 25 14 
11  8 13  4 19 
22 17  6  9 24 
 7 10 23 18  5 
223
 1 12 17 22  3 
18 23  2 13 16 
11  8 15  4 21 
24 19  6  9 14 
 7 10 25 20  5 
224
 1 12 19 24  3 
20 25  2 13 18 
11  8 17  4 23 
16 21  6  9 14 
 7 10 15 22  5 
225
 1 12 23 18  3 
24 17  2 13 22 
11  8 21  4 19 
16 25  6  9 14 
 7 10 15 20  5 
226
 1 12 25 18  3 
22 17  2 13 24 
11  8 23  4 19 
16 21  6  9 14 
 7 10 15 20  5 
227
 1 12 23 18  3 
22 17  2 13 24 
11  8 25  4 19 
16 21  6  9 14 
 7 10 15 20  5 
228
 1 12 21 18  3 
22 17  2 13 20 
11  8 19  4 25 
16 23  6  9 14 
 7 10 15 24  5 
229
 1 12 17 22  3 
18 23  2  9 16 
13  8 11  4 21 
24 19  6 15 10 
 7 14 25 20  5 
230
 1 14 19 24  3 
20 25  2  9 18 
15  8 13  4 23 
12 21  6 17 10 
 7 16 11 22  5 
231
 1 18 23 14  3 
24 13  2  9 22 
19  8 17  4 15 
12 25  6 21 10 
 7 20 11 16  5 
232
 1 20 25 14  3 
18 13  2  9 24 
21  8 19  4 15 
12 17  6 23 10 
 7 22 11 16  5 
233
 1 22 19 14  3 
18 13  2  9 20 
23  8 21  4 15 
12 17  6 25 10 
 7 24 11 16  5 
234
 1 24 19 14  3 
18 13  2  9 20 
25  8 23  4 15 
12 17  6 21 10 
 7 22 11 16  5 
235
 1 24 19 14  3 
18 13  2  9 20 
23  8 25  4 15 
12 17  6 21 10 
 7 22 11 16  5 
236
 1 16 21 14  3 
22 13  2  9 20 
17  8 15  4 25 
12 23  6 19 10 
 7 18 11 24  5 
237
 1 10 21 16  3 
20 15  2  9 22 
25  8 11  4 17 
14 19  6 23 12 
 7 24 13 18  5 
238
 1 10 15 20  3 
16 21  2  9 14 
11  8 25  4 19 
22 17  6 13 24 
 7 12 23 18  5 
239
 1 10 15 20  3 
16 21  2  9 14 
11  8 23  4 19 
22 17  6 13 24 
 7 12 25 18  5 
240
 1 10 15 20  3 
16 25  2  9 14 
11  8 21  4 19 
24 17  6 13 22 
 7 12 23 18  5 
241
 1 10 15 24  3 
16 23  2  9 14 
11  8 19  4 25 
22 17  6 13 20 
 7 12 21 18  5 
242
 1 10 15 22  3 
16 21  2  9 14 
11  8 17  4 23 
20 25  6 13 18 
 7 12 19 24  5 
243
 1 10 25 20  3 
24 19  2  9 14 
11  8 15  4 21 
18 23  6 13 16 
 7 12 17 22  5 
244
 1 10 23 18  3 
22 17  2  9 24 
11  8 13  4 19 
16 21  6 25 14 
 7 12 15 20  5 
245
 1 22  9 16  3 
12 17  2 21 10 
23  8 11  4 15 
18 13  6 25 20 
 7 24 19 14  5 
246
 1 24  9 18  3 
14 19  2 23 10 
25  8 13  4 17 
20 15  6 11 22 
 7 12 21 16  5 
247
 1 14  9 20  3 
16 21  2 25 10 
13  8 15  4 19 
22 17  6 11 24 
 7 12 23 18  5 
248
 1 14  9 22  3 
18 23  2 15 10 
13  8 17  4 21 
24 19  6 11 16 
 7 12 25 20  5 
249
 1 14  9 24  3 
20 25  2 15 10 
13  8 19  4 23 
18 21  6 11 16 
 7 12 17 22  5 
250
 1 14  9 20  3 
24 19  2 15 10 
13  8 23  4 21 
18 25  6 11 16 
 7 12 17 22  5 
251
 1 14  9 20  3 
24 19  2 15 10 
13  8 25  4 21 
18 23  6 11 16 
 7 12 17 22  5 
252
 1 14  9 20  3 
22 19  2 15 10 
13  8 21  4 25 
18 23  6 11 16 
 7 12 17 24  5 
253
 1 20  9 14  3 
10 15  2 19 22 
25  8 21  4 13 
16 11  6 23 18 
 7 24 17 12  5 
254
 1 20  9 14  3 
10 15  2 19 24 
21  8 25  4 13 
16 11  6 23 18 
 7 22 17 12  5 
255
 1 20  9 14  3 
10 15  2 19 24 
21  8 23  4 13 
16 11  6 25 18 
 7 22 17 12  5 
256
 1 24  9 14  3 
10 15  2 25 20 
23  8 19  4 13 
16 11  6 21 18 
 7 22 17 12  5 
257
 1 22  9 14  3 
10 15  2 23 18 
21  8 17  4 13 
16 11  6 19 24 
 7 20 25 12  5 
258
 1 20  9 14  3 
10 25  2 21 16 
19  8 15  4 13 
24 11  6 17 22 
 7 18 23 12  5 
259
 1 18  9 24  3 
10 23  2 19 14 
17  8 13  4 25 
22 11  6 15 20 
 7 16 21 12  5 
260
 1 16  9 22  3 
10 21  2 17 12 
15  8 11  4 23 
20 25  6 13 18 
 7 14 19 24  5 
261
 1 18  5 12  3 
 8 13  2 17  6 
19 22  7  4 11 
14  9 24 21 16 
23 20 15 10 25 
262
 1 10  5 16  3 
12 17  2 21  6 
 9 22 11  4 15 
18 13 24  7 20 
23  8 19 14 25 
263
 1 10  5 18  3 
14 19  2 11  6 
 9 22 13  4 17 
20 15 24  7 12 
23  8 21 16 25 
264
 1 16  5 10  3 
 6 11  2 15 20 
17 22 19  4  9 
12  7 24 21 14 
23 18 13  8 25 
265
 1 20  5 10  3 
 6 11  2 21 16 
19 22 15  4  9 
12  7 24 17 14 
23 18 13  8 25 
266
 1 18  5 10  3 
 6 11  2 19 14 
17 22 13  4  9 
12  7 24 15 20 
23 16 21  8 25 
267
 1 16 21  6  3 
10  5  2 15 20 
17 22 11  4  7 
12  9 24 19 14 
23 18 13  8 25 
268
 1 18 11  6  3 
10  5  2 17 12 
19 22 13  4  7 
14  9 24 21 16 
23 20 15  8 25 
269
 1 16 11  6  3 
10  5  2 21 12 
15 22 17  4  7 
18  9 24 13 20 
23 14 19  8 25 
270
 1 16 11  6  3 
10  5  2 17 12 
15 22 19  4  7 
20  9 24 13 18 
23 14 21  8 25 
271
 1 10 21 16  3 
20  5  2  9 14 
11 22 15  4 17 
 6 19 24 13  8 
23 12  7 18 25 
272
 1 10 19 14  3 
18  5  2  9 20 
11 22 13  4 15 
 6 17 24 21  8 
23 12  7 16 25 
273
 1 20 15 10  3 
14  5  2 21 16 
19 22  9  4 11 
 6 13 24 17  8 
23 18  7 12 25 
274
 1 18 13  8  3 
12  5  2 19 14 
17 22  7  4  9 
 6 11 24 15 20 
23 16 21 10 25 
275
 1 14 21  8  3 
20  9  2 13 18 
15 22 19  4  7 
10  5 24 17 12 
23 16 11  6 25 
276
 1 14 19  8  3 
18  9  2 13 20 
15 22 17  4  7 
10  5 24 21 12 
23 16 11  6 25 
277
 1 20 15  8  3 
14  9  2 21 16 
19 22 13  4  7 
10  5 24 17 12 
23 18 11  6 25 
278
 1 18 13  8  3 
12  9  2 19 14 
17 22 11  4  7 
10  5 24 15 20 
23 16 21  6 25 
279
 1 16 21 10  3 
 6 11  2 15 20 
17 22  7  4  9 
12  5 24 19 14 
23 18 13  8 25 
280
 1 18  7 12  3 
 6 13  2 17  8 
19 22  9  4 11 
14  5 24 21 16 
23 20 15 10 25 
281
 1 12  7 16  3 
 6 17  2 21  8 
11 22 13  4 15 
18  5 24  9 20 
23 10 19 14 25 
282
 1 12  7 18  3 
 6 19  2 13  8 
11 22 15  4 17 
20  5 24  9 14 
23 10 21 16 25 
283
 1  8 21 16  3 
20 15  2  7 12 
 9 22 13  4 17 
14 19 24 11  6 
23 10  5 18 25 
284
 1  8 19 14  3 
18 13  2  7 20 
 9 22 11  4 15 
12 17 24 21  6 
23 10  5 16 25 
285
 1 20 15 10  3 
14  9  2 21 16 
19 22  7  4 11 
 8 13 24 17  6 
23 18  5 12 25 
286
 1 16 21  8  3 
12  7  2 15 20 
17 22 13  4  9 
 6 11 24 19 14 
23 18  5 10 25 
287
 1 18 13  8  3 
12  7  2 17 14 
19 22 15  4  9 
 6 11 24 21 16 
23 20  5 10 25 
288
 1 18 13  8  3 
12  7  2 21 14 
17 22 19  4  9 
 6 11 24 15 20 
23 16  5 10 25 
289
 1 18  7 12 25 
 8 13  2 19  6 
 3 20 17 24 11 
14  9 22  5 16 
21  4 15 10 23 
290
 1 16  7 12 25 
 8 13  2 17  6 
 3 20 15 24 11 
14  9 22  5 18 
21  4 19 10 23 
291
 1  8 19 14 25 
18 13  2  9  6 
 3 20  7 24 15 
12 17 22  5 10 
21  4 11 16 23 
292
 1  6 17 12 25 
16 11  2  7 18 
 3 20  5 24 13 
10 15 22 19  8 
21  4  9 14 23 
293
 1  4  9 14 25 
10 15  2 19  8 
 3 20  5 24 13 
16 11 22  7 18 
21  6 17 12 23 
294
 1  4 11 16 25 
12 17  2  5 10 
 3 20  7 24 15 
18 13 22  9  6 
21  8 19 14 23 
295
 1  4 19 10 25 
14  9  2  5 18 
 3 20 15 24 11 
 8 13 22 17  6 
21 16  7 12 23 
296
 1  4 15 10 25 
14  9  2  5 16 
 3 20 17 24 11 
 8 13 22 19  6 
21 18  7 12 23 
297
 1 12 19  6 25 
18  7  2 11 16 
13 20 17 24  5 
 8  3 22 15 10 
21 14  9  4 23 
298
 1 12 17  6 25 
16  7  2 11 18 
13 20 15 24  5 
 8  3 22 19 10 
21 14  9  4 23 
299
 1 18 13  6 25 
12  7  2 19 14 
17 20 11 24  5 
 8  3 22 15 10 
21 16  9  4 23 
300
 1 16 11  6 25 
10  7  2 17 12 
15 20  9 24  5 
 8  3 22 13 18 
21 14 19  4 23 
301
 1 14 19  8 25 
 4  9  2 13 18 
15 20  5 24  7 
10  3 22 17 12 
21 16 11  6 23 
302
 1 16  5 10 25 
 4 11  2 15  6 
17 20  7 24  9 
12  3 22 19 14 
21 18 13  8 23 
303
 1 10  5 14 25 
 4 15  2 19  6 
 9 20 11 24 13 
16  3 22  7 18 
21  8 17 12 23 
304
 1 10  5 16 25 
 4 17  2 11  6 
 9 20 13 24 15 
18  3 22  7 12 
21  8 19 14 23 
